instruction:
Write a high-quality answer for the given question using only the following relevant search results.
------------------

chunk_batch:
["###Chunk: In his early twenties, Steve Jobs visited India to seek enlightenment and to experiment with psychedelic drugs, which he later claimed profoundly influenced his creative strategies and business practices at Apple.\n###Question: How did Steve Jobs' experiences and decisions shape the development and success of Apple?", "###Chunk: Steve Jobs, along with Steve Wozniak, co-founded Apple in 1976, in Jobs' parents' garage. They revolutionized the tech industry by introducing the first Apple computer, which distinguished itself from others with a user-friendly graphical interface.\n###Question: How did Steve Jobs' experiences and decisions shape the development and success of Apple?", "###Chunk: During his tenure at Apple, Jobs was ousted from the company in 1985 but returned in 1997 to save the company from near bankruptcy. Under his leadership, Apple launched innovative products like the iPod, iPhone, and iPad.\n###Question: How did Steve Jobs' experiences and decisions shape the development and success of Apple?"]
------------------

{'input_ids': [[22687, 267, 101944, 16360, 12300, 613, 368, 8885, 5893, 3936, 3804, 368, 6747, 24466, 12487, 9649, 17]], 'attention_mask': [[1, 1, 1, 1, 1, 1, 1, 1, 1, 1, 1, 1, 1, 1, 1, 1, 1]]}
{'input_ids': [[3, 3, 3, 3, 3, 3, 3, 3, 3, 3, 3, 3, 3, 3, 3, 3, 3, 3, 3, 3, 3, 3, 3, 3, 3, 3, 3, 3, 3, 3, 3, 3, 3, 3, 3, 3, 3, 3, 3, 3, 3, 3, 3, 3, 3, 3, 3, 3, 3, 3, 3, 3, 3, 3, 3, 3, 3, 3, 3, 3, 3, 3, 3, 3, 3, 3, 105311, 108573, 29, 1004, 3868, 20257, 14912, 307, 1071, 15, 47443, 115277, 79409, 11759, 427, 20474, 210663, 257, 716, 530, 427, 15736, 1002, 24975, 376, 129855, 51667, 15, 2131, 1683, 10494, 87158, 136742, 999, 112213, 3868, 113695, 58593, 530, 18210, 50497, 919, 28202, 336, 105311, 242060, 7535, 4689, 47443, 65070, 9427, 75193, 530, 36790, 32428, 368, 11468, 530, 10859, 461, 28202, 34], [3, 3, 3, 3, 3, 3, 3, 3, 3, 3, 3, 3, 3, 3, 3, 3, 3, 3, 3, 3, 3, 3, 3, 3, 3, 3, 3, 3, 3, 3, 3, 3, 3, 3, 3, 3, 3, 3, 3, 3, 3, 3, 3, 3, 3, 3, 3, 3, 3, 3, 3, 3, 3, 3, 3, 3, 3, 105311, 108573, 29, 47443, 115277, 15, 10393, 1002, 47443, 760, 15449, 81, 4015, 15, 45691, 39343, 376, 28202, 361, 34407, 15, 361, 65070, 9427, 23558, 10, 167785, 17, 12941, 74177, 6242, 368, 92428, 31175, 1331, 125932, 368, 3968, 28202, 26371, 15, 2131, 118536, 17625, 1485, 17958, 1002, 267, 5579, 151908, 194236, 21438, 336, 105311, 242060, 7535, 4689, 47443, 65070, 9427, 75193, 530, 36790, 32428, 368, 11468, 530, 10859, 461, 28202, 34], [3, 3, 3, 3, 3, 3, 3, 3, 3, 3, 3, 3, 3, 3, 3, 3, 3, 3, 3, 3, 3, 3, 3, 3, 3, 3, 3, 3, 3, 3, 3, 3, 3, 3, 3, 3, 3, 3, 3, 3, 3, 3, 3, 3, 3, 3, 3, 3, 3, 3, 3, 3, 3, 3, 3, 3, 3, 3, 3, 3, 3, 105311, 108573, 29, 49262, 3868, 242527, 919, 28202, 15, 115277, 1620, 329, 26733, 1485, 368, 16333, 361, 30222, 1965, 25224, 361, 15278, 427, 14565, 368, 16333, 1485, 12209, 20073, 57510, 32049, 17, 51786, 3868, 67791, 15, 28202, 66893, 142657, 26942, 3269, 368, 168008, 15, 39222, 15, 530, 99607, 336, 105311, 242060, 7535, 4689, 47443, 65070, 9427, 75193, 530, 36790, 32428, 368, 11468, 530, 10859, 461, 28202, 34]], 'attention_mask': [[0, 0, 0, 0, 0, 0, 0, 0, 0, 0, 0, 0, 0, 0, 0, 0, 0, 0, 0, 0, 0, 0, 0, 0, 0, 0, 0, 0, 0, 0, 0, 0, 0, 0, 0, 0, 0, 0, 0, 0, 0, 0, 0, 0, 0, 0, 0, 0, 0, 0, 0, 0, 0, 0, 0, 0, 0, 0, 0, 0, 0, 0, 0, 0, 0, 0, 1, 1, 1, 1, 1, 1, 1, 1, 1, 1, 1, 1, 1, 1, 1, 1, 1, 1, 1, 1, 1, 1, 1, 1, 1, 1, 1, 1, 1, 1, 1, 1, 1, 1, 1, 1, 1, 1, 1, 1, 1, 1, 1, 1, 1, 1, 1, 1, 1, 1, 1, 1, 1, 1, 1, 1, 1, 1, 1, 1, 1, 1], [0, 0, 0, 0, 0, 0, 0, 0, 0, 0, 0, 0, 0, 0, 0, 0, 0, 0, 0, 0, 0, 0, 0, 0, 0, 0, 0, 0, 0, 0, 0, 0, 0, 0, 0, 0, 0, 0, 0, 0, 0, 0, 0, 0, 0, 0, 0, 0, 0, 0, 0, 0, 0, 0, 0, 0, 0, 1, 1, 1, 1, 1, 1, 1, 1, 1, 1, 1, 1, 1, 1, 1, 1, 1, 1, 1, 1, 1, 1, 1, 1, 1, 1, 1, 1, 1, 1, 1, 1, 1, 1, 1, 1, 1, 1, 1, 1, 1, 1, 1, 1, 1, 1, 1, 1, 1, 1, 1, 1, 1, 1, 1, 1, 1, 1, 1, 1, 1, 1, 1, 1, 1, 1, 1, 1, 1, 1, 1], [0, 0, 0, 0, 0, 0, 0, 0, 0, 0, 0, 0, 0, 0, 0, 0, 0, 0, 0, 0, 0, 0, 0, 0, 0, 0, 0, 0, 0, 0, 0, 0, 0, 0, 0, 0, 0, 0, 0, 0, 0, 0, 0, 0, 0, 0, 0, 0, 0, 0, 0, 0, 0, 0, 0, 0, 0, 0, 0, 0, 0, 1, 1, 1, 1, 1, 1, 1, 1, 1, 1, 1, 1, 1, 1, 1, 1, 1, 1, 1, 1, 1, 1, 1, 1, 1, 1, 1, 1, 1, 1, 1, 1, 1, 1, 1, 1, 1, 1, 1, 1, 1, 1, 1, 1, 1, 1, 1, 1, 1, 1, 1, 1, 1, 1, 1, 1, 1, 1, 1, 1, 1, 1, 1, 1, 1, 1, 1]]}
input_ids size in BloonForCausalLM: torch.Size([1, 17]) tensor([[ 22687,    267, 101944,  16360,  12300,    613,    368,   8885,   5893,
           3936,   3804,    368,   6747,  24466,  12487,   9649,     17]])
attention_mask_shape: torch.Size([1, 17])
Input ids size in  BloomModel forward: torch.Size([1, 17])
Sequence length: 17
Key layer shape: torch.Size([32, 128, 17])
Query layer shape: torch.Size([32, 17, 128])
Key layer shape: torch.Size([32, 128, 17])
Head 1:
tensor([[1.0000e+00, 0.0000e+00, 0.0000e+00, 0.0000e+00, 0.0000e+00, 0.0000e+00,
         0.0000e+00, 0.0000e+00, 0.0000e+00, 0.0000e+00, 0.0000e+00, 0.0000e+00,
         0.0000e+00, 0.0000e+00, 0.0000e+00, 0.0000e+00, 0.0000e+00],
        [8.5219e-01, 1.4781e-01, 0.0000e+00, 0.0000e+00, 0.0000e+00, 0.0000e+00,
         0.0000e+00, 0.0000e+00, 0.0000e+00, 0.0000e+00, 0.0000e+00, 0.0000e+00,
         0.0000e+00, 0.0000e+00, 0.0000e+00, 0.0000e+00, 0.0000e+00],
        [2.5974e-01, 3.5577e-01, 3.8449e-01, 0.0000e+00, 0.0000e+00, 0.0000e+00,
         0.0000e+00, 0.0000e+00, 0.0000e+00, 0.0000e+00, 0.0000e+00, 0.0000e+00,
         0.0000e+00, 0.0000e+00, 0.0000e+00, 0.0000e+00, 0.0000e+00],
        [2.6454e-02, 2.8019e-02, 8.7881e-01, 6.6718e-02, 0.0000e+00, 0.0000e+00,
         0.0000e+00, 0.0000e+00, 0.0000e+00, 0.0000e+00, 0.0000e+00, 0.0000e+00,
         0.0000e+00, 0.0000e+00, 0.0000e+00, 0.0000e+00, 0.0000e+00],
        [3.3435e-02, 1.2400e-01, 2.9062e-01, 3.0364e-01, 2.4830e-01, 0.0000e+00,
         0.0000e+00, 0.0000e+00, 0.0000e+00, 0.0000e+00, 0.0000e+00, 0.0000e+00,
         0.0000e+00, 0.0000e+00, 0.0000e+00, 0.0000e+00, 0.0000e+00],
        [1.7110e-02, 2.7852e-02, 8.4536e-02, 1.7322e-01, 4.5756e-01, 2.3972e-01,
         0.0000e+00, 0.0000e+00, 0.0000e+00, 0.0000e+00, 0.0000e+00, 0.0000e+00,
         0.0000e+00, 0.0000e+00, 0.0000e+00, 0.0000e+00, 0.0000e+00],
        [8.4732e-03, 1.0459e-02, 3.2159e-02, 8.9404e-02, 1.2434e-01, 5.5584e-01,
         1.7932e-01, 0.0000e+00, 0.0000e+00, 0.0000e+00, 0.0000e+00, 0.0000e+00,
         0.0000e+00, 0.0000e+00, 0.0000e+00, 0.0000e+00, 0.0000e+00],
        [1.3314e-03, 2.7357e-02, 2.0096e-02, 2.5072e-02, 9.4781e-02, 1.5775e-01,
         4.9331e-01, 1.8030e-01, 0.0000e+00, 0.0000e+00, 0.0000e+00, 0.0000e+00,
         0.0000e+00, 0.0000e+00, 0.0000e+00, 0.0000e+00, 0.0000e+00],
        [3.0672e-04, 2.9762e-03, 2.4342e-03, 3.2642e-03, 1.3568e-02, 1.3289e-01,
         5.1624e-01, 2.2627e-01, 1.0206e-01, 0.0000e+00, 0.0000e+00, 0.0000e+00,
         0.0000e+00, 0.0000e+00, 0.0000e+00, 0.0000e+00, 0.0000e+00],
        [6.6142e-04, 8.6856e-04, 2.6988e-03, 8.9734e-03, 9.7438e-03, 2.7125e-02,
         9.1716e-02, 1.2332e-01, 3.5029e-01, 3.8460e-01, 0.0000e+00, 0.0000e+00,
         0.0000e+00, 0.0000e+00, 0.0000e+00, 0.0000e+00, 0.0000e+00],
        [1.1245e-04, 5.1342e-05, 3.2554e-04, 1.0287e-03, 3.4797e-03, 1.0083e-02,
         4.3042e-02, 3.3668e-02, 1.1753e-01, 6.9977e-01, 9.0908e-02, 0.0000e+00,
         0.0000e+00, 0.0000e+00, 0.0000e+00, 0.0000e+00, 0.0000e+00],
        [8.4161e-05, 1.0389e-04, 3.1942e-04, 8.8801e-04, 1.2350e-03, 5.5209e-03,
         1.7811e-03, 1.8922e-02, 3.8707e-02, 2.8384e-01, 5.2929e-01, 1.1931e-01,
         0.0000e+00, 0.0000e+00, 0.0000e+00, 0.0000e+00, 0.0000e+00],
        [1.2851e-05, 5.7144e-05, 8.0949e-05, 2.1519e-04, 5.1894e-04, 1.2156e-03,
         1.0664e-02, 3.3341e-03, 2.5791e-02, 5.7403e-02, 6.5948e-02, 7.1431e-01,
         1.2045e-01, 0.0000e+00, 0.0000e+00, 0.0000e+00, 0.0000e+00],
        [5.1002e-06, 3.0823e-05, 4.1545e-05, 1.5372e-04, 1.6850e-04, 7.1015e-04,
         7.6946e-03, 2.3199e-03, 7.6721e-03, 2.8719e-02, 5.0050e-02, 5.1543e-01,
         1.2601e-01, 2.6100e-01, 0.0000e+00, 0.0000e+00, 0.0000e+00],
        [8.4867e-06, 2.6768e-05, 2.3815e-05, 8.7684e-05, 2.3737e-04, 8.0918e-04,
         3.0777e-03, 2.4135e-03, 5.8965e-03, 2.5704e-02, 3.0823e-02, 2.0617e-01,
         1.4139e-01, 2.7834e-01, 3.0499e-01, 0.0000e+00, 0.0000e+00],
        [7.2663e-07, 4.1206e-06, 7.5441e-06, 5.3036e-05, 4.1420e-05, 2.0681e-04,
         6.8413e-04, 5.3272e-04, 2.4673e-03, 7.9433e-03, 1.2743e-02, 4.5827e-02,
         6.7945e-02, 1.9308e-01, 4.2271e-01, 2.4575e-01, 0.0000e+00],
        [1.0209e-06, 1.3467e-06, 3.7522e-06, 1.0448e-05, 1.6516e-05, 4.0907e-05,
         1.1355e-04, 1.9150e-04, 5.8332e-04, 1.5423e-03, 2.3002e-03, 7.6061e-03,
         1.2587e-02, 3.6273e-02, 7.5130e-02, 1.7937e-01, 6.8423e-01]],
       grad_fn=<SelectBackward0>)


Sequence length: 17
Key layer shape: torch.Size([32, 128, 17])
Query layer shape: torch.Size([32, 17, 128])
Key layer shape: torch.Size([32, 128, 17])
Head 1:
tensor([[1.0000e+00, 0.0000e+00, 0.0000e+00, 0.0000e+00, 0.0000e+00, 0.0000e+00,
         0.0000e+00, 0.0000e+00, 0.0000e+00, 0.0000e+00, 0.0000e+00, 0.0000e+00,
         0.0000e+00, 0.0000e+00, 0.0000e+00, 0.0000e+00, 0.0000e+00],
        [6.6394e-01, 3.3606e-01, 0.0000e+00, 0.0000e+00, 0.0000e+00, 0.0000e+00,
         0.0000e+00, 0.0000e+00, 0.0000e+00, 0.0000e+00, 0.0000e+00, 0.0000e+00,
         0.0000e+00, 0.0000e+00, 0.0000e+00, 0.0000e+00, 0.0000e+00],
        [9.5563e-02, 2.7010e-01, 6.3434e-01, 0.0000e+00, 0.0000e+00, 0.0000e+00,
         0.0000e+00, 0.0000e+00, 0.0000e+00, 0.0000e+00, 0.0000e+00, 0.0000e+00,
         0.0000e+00, 0.0000e+00, 0.0000e+00, 0.0000e+00, 0.0000e+00],
        [3.7189e-02, 1.2452e-01, 5.4989e-01, 2.8841e-01, 0.0000e+00, 0.0000e+00,
         0.0000e+00, 0.0000e+00, 0.0000e+00, 0.0000e+00, 0.0000e+00, 0.0000e+00,
         0.0000e+00, 0.0000e+00, 0.0000e+00, 0.0000e+00, 0.0000e+00],
        [7.7372e-02, 1.0950e-01, 1.7414e-01, 2.5237e-01, 3.8662e-01, 0.0000e+00,
         0.0000e+00, 0.0000e+00, 0.0000e+00, 0.0000e+00, 0.0000e+00, 0.0000e+00,
         0.0000e+00, 0.0000e+00, 0.0000e+00, 0.0000e+00, 0.0000e+00],
        [2.8060e-02, 3.0845e-02, 4.7602e-02, 3.6995e-02, 2.9919e-01, 5.5730e-01,
         0.0000e+00, 0.0000e+00, 0.0000e+00, 0.0000e+00, 0.0000e+00, 0.0000e+00,
         0.0000e+00, 0.0000e+00, 0.0000e+00, 0.0000e+00, 0.0000e+00],
        [5.4932e-03, 1.0719e-02, 1.9655e-02, 7.6519e-03, 4.5160e-02, 3.7740e-01,
         5.3392e-01, 0.0000e+00, 0.0000e+00, 0.0000e+00, 0.0000e+00, 0.0000e+00,
         0.0000e+00, 0.0000e+00, 0.0000e+00, 0.0000e+00, 0.0000e+00],
        [5.4284e-04, 9.1735e-03, 6.9798e-03, 1.0830e-03, 2.0765e-03, 2.0910e-01,
         7.5229e-01, 1.8759e-02, 0.0000e+00, 0.0000e+00, 0.0000e+00, 0.0000e+00,
         0.0000e+00, 0.0000e+00, 0.0000e+00, 0.0000e+00, 0.0000e+00],
        [1.4407e-03, 8.8296e-03, 2.7389e-02, 5.7421e-03, 1.2974e-02, 1.3582e-01,
         5.7276e-01, 1.3515e-01, 9.9890e-02, 0.0000e+00, 0.0000e+00, 0.0000e+00,
         0.0000e+00, 0.0000e+00, 0.0000e+00, 0.0000e+00, 0.0000e+00],
        [1.1140e-03, 1.3687e-03, 1.6670e-03, 1.1906e-03, 6.4281e-03, 5.2967e-02,
         8.8415e-02, 4.9687e-02, 8.8565e-02, 7.0860e-01, 0.0000e+00, 0.0000e+00,
         0.0000e+00, 0.0000e+00, 0.0000e+00, 0.0000e+00, 0.0000e+00],
        [1.6951e-04, 5.2607e-04, 1.1198e-03, 8.3983e-04, 1.1310e-03, 1.3532e-02,
         5.7947e-02, 3.4557e-02, 5.3447e-02, 7.5145e-01, 8.5280e-02, 0.0000e+00,
         0.0000e+00, 0.0000e+00, 0.0000e+00, 0.0000e+00, 0.0000e+00],
        [1.0485e-04, 1.8778e-04, 3.3498e-04, 1.5967e-04, 8.6285e-04, 6.1021e-03,
         8.9106e-03, 6.4010e-03, 1.5157e-02, 1.7646e-01, 1.7724e-01, 6.0808e-01,
         0.0000e+00, 0.0000e+00, 0.0000e+00, 0.0000e+00, 0.0000e+00],
        [2.0348e-05, 1.2728e-04, 1.5545e-04, 2.2016e-05, 9.8693e-05, 3.8204e-03,
         1.1186e-02, 6.4278e-03, 8.3715e-03, 1.1668e-01, 1.1763e-02, 7.3174e-01,
         1.0958e-01, 0.0000e+00, 0.0000e+00, 0.0000e+00, 0.0000e+00],
        [9.6307e-06, 6.7795e-05, 1.8268e-04, 3.8470e-05, 8.8251e-05, 1.2552e-03,
         9.3143e-03, 2.1972e-03, 2.5705e-03, 3.8222e-02, 9.6788e-03, 5.6616e-01,
         1.8437e-01, 1.8584e-01, 0.0000e+00, 0.0000e+00, 0.0000e+00],
        [1.0269e-05, 2.7986e-05, 3.3422e-05, 3.1688e-05, 2.1832e-04, 5.0367e-04,
         2.6510e-03, 1.5036e-03, 2.1581e-03, 2.5739e-02, 5.2442e-03, 1.5303e-01,
         4.6797e-02, 3.8877e-01, 3.7328e-01, 0.0000e+00, 0.0000e+00],
        [3.8349e-06, 3.8988e-06, 1.0210e-05, 8.5160e-06, 6.0949e-05, 1.1468e-04,
         3.1401e-04, 5.7254e-04, 1.4235e-03, 1.0521e-02, 2.5880e-03, 2.0053e-02,
         2.2519e-02, 1.0228e-01, 5.3567e-01, 3.0385e-01, 0.0000e+00],
        [1.4134e-06, 3.8589e-06, 4.3053e-06, 2.3812e-06, 8.5577e-06, 7.6482e-05,
         1.6710e-04, 6.2157e-05, 1.5942e-04, 1.8767e-03, 1.6255e-03, 1.1393e-02,
         4.4513e-03, 1.5416e-02, 2.6231e-02, 5.4592e-02, 8.8393e-01]],
       grad_fn=<SelectBackward0>)


Sequence length: 17
Key layer shape: torch.Size([32, 128, 17])
Query layer shape: torch.Size([32, 17, 128])
Key layer shape: torch.Size([32, 128, 17])
Head 1:
tensor([[1.0000e+00, 0.0000e+00, 0.0000e+00, 0.0000e+00, 0.0000e+00, 0.0000e+00,
         0.0000e+00, 0.0000e+00, 0.0000e+00, 0.0000e+00, 0.0000e+00, 0.0000e+00,
         0.0000e+00, 0.0000e+00, 0.0000e+00, 0.0000e+00, 0.0000e+00],
        [8.0621e-01, 1.9379e-01, 0.0000e+00, 0.0000e+00, 0.0000e+00, 0.0000e+00,
         0.0000e+00, 0.0000e+00, 0.0000e+00, 0.0000e+00, 0.0000e+00, 0.0000e+00,
         0.0000e+00, 0.0000e+00, 0.0000e+00, 0.0000e+00, 0.0000e+00],
        [2.1477e-01, 4.8905e-01, 2.9618e-01, 0.0000e+00, 0.0000e+00, 0.0000e+00,
         0.0000e+00, 0.0000e+00, 0.0000e+00, 0.0000e+00, 0.0000e+00, 0.0000e+00,
         0.0000e+00, 0.0000e+00, 0.0000e+00, 0.0000e+00, 0.0000e+00],
        [5.4068e-02, 2.7635e-01, 5.5333e-01, 1.1626e-01, 0.0000e+00, 0.0000e+00,
         0.0000e+00, 0.0000e+00, 0.0000e+00, 0.0000e+00, 0.0000e+00, 0.0000e+00,
         0.0000e+00, 0.0000e+00, 0.0000e+00, 0.0000e+00, 0.0000e+00],
        [3.1248e-02, 9.6814e-02, 1.5720e-01, 6.8534e-01, 2.9395e-02, 0.0000e+00,
         0.0000e+00, 0.0000e+00, 0.0000e+00, 0.0000e+00, 0.0000e+00, 0.0000e+00,
         0.0000e+00, 0.0000e+00, 0.0000e+00, 0.0000e+00, 0.0000e+00],
        [4.7035e-02, 1.8197e-02, 3.1110e-02, 9.2926e-02, 4.2990e-01, 3.8083e-01,
         0.0000e+00, 0.0000e+00, 0.0000e+00, 0.0000e+00, 0.0000e+00, 0.0000e+00,
         0.0000e+00, 0.0000e+00, 0.0000e+00, 0.0000e+00, 0.0000e+00],
        [1.4415e-02, 8.9629e-03, 3.2841e-02, 2.3154e-02, 7.4588e-02, 4.0031e-01,
         4.4573e-01, 0.0000e+00, 0.0000e+00, 0.0000e+00, 0.0000e+00, 0.0000e+00,
         0.0000e+00, 0.0000e+00, 0.0000e+00, 0.0000e+00, 0.0000e+00],
        [1.0352e-03, 1.6161e-02, 6.7301e-02, 1.5043e-02, 6.8542e-03, 2.7662e-01,
         5.8660e-01, 3.0383e-02, 0.0000e+00, 0.0000e+00, 0.0000e+00, 0.0000e+00,
         0.0000e+00, 0.0000e+00, 0.0000e+00, 0.0000e+00, 0.0000e+00],
        [1.3341e-03, 6.1260e-03, 1.8576e-02, 1.0291e-02, 1.0297e-02, 2.7460e-01,
         5.3778e-01, 1.0602e-01, 3.4984e-02, 0.0000e+00, 0.0000e+00, 0.0000e+00,
         0.0000e+00, 0.0000e+00, 0.0000e+00, 0.0000e+00, 0.0000e+00],
        [2.7617e-03, 1.5922e-03, 2.0681e-03, 3.5161e-03, 1.0809e-02, 4.7874e-02,
         8.9416e-02, 6.4905e-02, 2.1149e-01, 5.6556e-01, 0.0000e+00, 0.0000e+00,
         0.0000e+00, 0.0000e+00, 0.0000e+00, 0.0000e+00, 0.0000e+00],
        [2.9093e-04, 1.0031e-03, 8.2338e-03, 1.3643e-03, 2.2593e-03, 3.0162e-02,
         6.4766e-02, 6.6094e-02, 9.2397e-02, 6.5008e-01, 8.3347e-02, 0.0000e+00,
         0.0000e+00, 0.0000e+00, 0.0000e+00, 0.0000e+00, 0.0000e+00],
        [2.3777e-04, 1.2715e-04, 4.4000e-04, 4.3805e-04, 1.5913e-03, 5.4244e-03,
         6.3628e-03, 1.1732e-02, 2.3782e-02, 2.1746e-01, 2.6797e-01, 4.6444e-01,
         0.0000e+00, 0.0000e+00, 0.0000e+00, 0.0000e+00, 0.0000e+00],
        [7.0362e-05, 1.1039e-04, 4.5322e-04, 1.5993e-04, 7.4265e-05, 7.3589e-03,
         1.2528e-02, 9.2636e-03, 4.5823e-03, 1.4432e-01, 2.5192e-02, 6.5792e-01,
         1.3797e-01, 0.0000e+00, 0.0000e+00, 0.0000e+00, 0.0000e+00],
        [2.3493e-05, 5.3161e-05, 9.4324e-05, 1.1826e-04, 1.0697e-04, 1.3951e-03,
         4.4471e-03, 2.8197e-03, 9.0855e-03, 2.9607e-02, 3.3657e-02, 2.6740e-01,
         5.7217e-01, 7.9018e-02, 0.0000e+00, 0.0000e+00, 0.0000e+00],
        [2.5412e-05, 5.0004e-05, 4.2811e-05, 3.4118e-04, 2.6553e-04, 2.2090e-03,
         4.3855e-03, 1.1437e-03, 5.2937e-03, 2.9924e-02, 2.7456e-02, 2.7418e-01,
         1.7946e-01, 2.6792e-01, 2.0730e-01, 0.0000e+00, 0.0000e+00],
        [4.8505e-06, 4.4420e-06, 7.7306e-06, 3.1596e-05, 7.4743e-05, 2.5811e-04,
         4.0041e-04, 2.4618e-04, 1.5542e-03, 7.8817e-03, 1.3088e-02, 2.5446e-02,
         3.8868e-02, 1.0331e-01, 5.7770e-01, 2.3112e-01, 0.0000e+00],
        [4.6277e-06, 2.8970e-06, 7.0809e-06, 6.8868e-06, 1.3974e-05, 6.6350e-05,
         1.3372e-04, 8.6521e-05, 1.3734e-04, 2.0289e-03, 2.2310e-03, 9.9572e-03,
         1.2940e-02, 3.6506e-02, 6.8963e-02, 1.2878e-01, 7.3814e-01]],
       grad_fn=<SelectBackward0>)


Sequence length: 17
Key layer shape: torch.Size([32, 128, 17])
Query layer shape: torch.Size([32, 17, 128])
Key layer shape: torch.Size([32, 128, 17])
Head 1:
tensor([[1.0000e+00, 0.0000e+00, 0.0000e+00, 0.0000e+00, 0.0000e+00, 0.0000e+00,
         0.0000e+00, 0.0000e+00, 0.0000e+00, 0.0000e+00, 0.0000e+00, 0.0000e+00,
         0.0000e+00, 0.0000e+00, 0.0000e+00, 0.0000e+00, 0.0000e+00],
        [9.1915e-01, 8.0853e-02, 0.0000e+00, 0.0000e+00, 0.0000e+00, 0.0000e+00,
         0.0000e+00, 0.0000e+00, 0.0000e+00, 0.0000e+00, 0.0000e+00, 0.0000e+00,
         0.0000e+00, 0.0000e+00, 0.0000e+00, 0.0000e+00, 0.0000e+00],
        [1.9034e-01, 7.0677e-01, 1.0289e-01, 0.0000e+00, 0.0000e+00, 0.0000e+00,
         0.0000e+00, 0.0000e+00, 0.0000e+00, 0.0000e+00, 0.0000e+00, 0.0000e+00,
         0.0000e+00, 0.0000e+00, 0.0000e+00, 0.0000e+00, 0.0000e+00],
        [9.2663e-02, 3.6877e-01, 2.0372e-01, 3.3484e-01, 0.0000e+00, 0.0000e+00,
         0.0000e+00, 0.0000e+00, 0.0000e+00, 0.0000e+00, 0.0000e+00, 0.0000e+00,
         0.0000e+00, 0.0000e+00, 0.0000e+00, 0.0000e+00, 0.0000e+00],
        [6.3635e-02, 4.5949e-02, 2.0331e-01, 2.8013e-01, 4.0698e-01, 0.0000e+00,
         0.0000e+00, 0.0000e+00, 0.0000e+00, 0.0000e+00, 0.0000e+00, 0.0000e+00,
         0.0000e+00, 0.0000e+00, 0.0000e+00, 0.0000e+00, 0.0000e+00],
        [5.8443e-02, 2.3004e-02, 2.5727e-02, 1.2482e-01, 2.2432e-01, 5.4369e-01,
         0.0000e+00, 0.0000e+00, 0.0000e+00, 0.0000e+00, 0.0000e+00, 0.0000e+00,
         0.0000e+00, 0.0000e+00, 0.0000e+00, 0.0000e+00, 0.0000e+00],
        [7.2702e-03, 6.4812e-03, 2.4408e-02, 3.0981e-02, 5.9029e-02, 6.8141e-01,
         1.9042e-01, 0.0000e+00, 0.0000e+00, 0.0000e+00, 0.0000e+00, 0.0000e+00,
         0.0000e+00, 0.0000e+00, 0.0000e+00, 0.0000e+00, 0.0000e+00],
        [3.0388e-04, 1.6504e-03, 1.6650e-02, 1.5842e-02, 3.5404e-03, 4.5042e-01,
         2.7145e-01, 2.4015e-01, 0.0000e+00, 0.0000e+00, 0.0000e+00, 0.0000e+00,
         0.0000e+00, 0.0000e+00, 0.0000e+00, 0.0000e+00, 0.0000e+00],
        [3.7189e-03, 9.2149e-04, 2.3115e-03, 3.1840e-03, 2.8076e-02, 3.6987e-01,
         1.0374e-01, 6.5021e-02, 4.2316e-01, 0.0000e+00, 0.0000e+00, 0.0000e+00,
         0.0000e+00, 0.0000e+00, 0.0000e+00, 0.0000e+00, 0.0000e+00],
        [1.3325e-03, 2.1399e-03, 2.8095e-03, 4.0428e-03, 7.5197e-03, 6.0725e-02,
         1.2022e-01, 5.0443e-02, 2.6494e-01, 4.8582e-01, 0.0000e+00, 0.0000e+00,
         0.0000e+00, 0.0000e+00, 0.0000e+00, 0.0000e+00, 0.0000e+00],
        [1.1381e-04, 5.0138e-04, 1.0669e-03, 1.3361e-03, 2.9051e-03, 2.4159e-02,
         2.0479e-02, 8.5174e-02, 1.8592e-02, 8.0152e-01, 4.4156e-02, 0.0000e+00,
         0.0000e+00, 0.0000e+00, 0.0000e+00, 0.0000e+00, 0.0000e+00],
        [1.3671e-04, 8.0295e-05, 3.0122e-04, 4.6045e-04, 1.1560e-03, 6.6848e-03,
         2.3385e-03, 1.0526e-02, 5.3459e-02, 3.8763e-01, 3.3176e-01, 2.0547e-01,
         0.0000e+00, 0.0000e+00, 0.0000e+00, 0.0000e+00, 0.0000e+00],
        [1.4390e-04, 1.1158e-04, 3.2582e-03, 2.4533e-04, 9.4165e-05, 1.3575e-02,
         3.6348e-03, 7.6375e-02, 5.8002e-03, 4.2824e-01, 1.6374e-01, 2.2980e-01,
         7.4978e-02, 0.0000e+00, 0.0000e+00, 0.0000e+00, 0.0000e+00],
        [1.3900e-05, 2.5148e-05, 2.8293e-05, 1.0035e-04, 1.9265e-04, 1.7824e-03,
         1.0417e-03, 1.5603e-02, 2.5155e-03, 1.1205e-01, 1.4019e-02, 7.4527e-02,
         7.1968e-01, 5.8420e-02, 0.0000e+00, 0.0000e+00, 0.0000e+00],
        [8.1150e-06, 2.3388e-06, 6.8399e-06, 5.2321e-05, 3.1254e-04, 4.7736e-04,
         7.0317e-04, 7.0560e-04, 5.0941e-03, 1.4832e-02, 1.4184e-02, 5.6386e-02,
         1.7288e-01, 3.4825e-01, 3.8611e-01, 0.0000e+00, 0.0000e+00],
        [4.7000e-05, 2.7769e-04, 5.2412e-06, 1.7113e-05, 4.0723e-05, 1.1270e-03,
         2.1760e-03, 2.2947e-03, 3.4697e-03, 2.3399e-02, 4.0090e-02, 1.2971e-01,
         1.8843e-02, 4.1895e-02, 4.6431e-01, 2.7230e-01, 0.0000e+00],
        [2.6370e-06, 1.5258e-06, 5.1129e-06, 6.4337e-06, 2.2506e-05, 5.4627e-05,
         8.4756e-05, 5.3001e-05, 5.0032e-04, 2.6518e-03, 2.5355e-03, 7.6735e-03,
         1.5887e-02, 2.5948e-02, 8.4924e-02, 2.6281e-01, 5.9684e-01]],
       grad_fn=<SelectBackward0>)


Sequence length: 17
Key layer shape: torch.Size([32, 128, 17])
Query layer shape: torch.Size([32, 17, 128])
Key layer shape: torch.Size([32, 128, 17])
Head 1:
tensor([[1.0000e+00, 0.0000e+00, 0.0000e+00, 0.0000e+00, 0.0000e+00, 0.0000e+00,
         0.0000e+00, 0.0000e+00, 0.0000e+00, 0.0000e+00, 0.0000e+00, 0.0000e+00,
         0.0000e+00, 0.0000e+00, 0.0000e+00, 0.0000e+00, 0.0000e+00],
        [9.7527e-01, 2.4726e-02, 0.0000e+00, 0.0000e+00, 0.0000e+00, 0.0000e+00,
         0.0000e+00, 0.0000e+00, 0.0000e+00, 0.0000e+00, 0.0000e+00, 0.0000e+00,
         0.0000e+00, 0.0000e+00, 0.0000e+00, 0.0000e+00, 0.0000e+00],
        [9.4945e-01, 3.5533e-02, 1.5015e-02, 0.0000e+00, 0.0000e+00, 0.0000e+00,
         0.0000e+00, 0.0000e+00, 0.0000e+00, 0.0000e+00, 0.0000e+00, 0.0000e+00,
         0.0000e+00, 0.0000e+00, 0.0000e+00, 0.0000e+00, 0.0000e+00],
        [8.4940e-01, 3.2030e-02, 5.1712e-02, 6.6855e-02, 0.0000e+00, 0.0000e+00,
         0.0000e+00, 0.0000e+00, 0.0000e+00, 0.0000e+00, 0.0000e+00, 0.0000e+00,
         0.0000e+00, 0.0000e+00, 0.0000e+00, 0.0000e+00, 0.0000e+00],
        [7.7005e-01, 1.4787e-02, 3.0720e-03, 2.0693e-01, 5.1557e-03, 0.0000e+00,
         0.0000e+00, 0.0000e+00, 0.0000e+00, 0.0000e+00, 0.0000e+00, 0.0000e+00,
         0.0000e+00, 0.0000e+00, 0.0000e+00, 0.0000e+00, 0.0000e+00],
        [1.4050e-02, 7.7032e-03, 1.3618e-02, 8.6557e-02, 5.5271e-01, 3.2536e-01,
         0.0000e+00, 0.0000e+00, 0.0000e+00, 0.0000e+00, 0.0000e+00, 0.0000e+00,
         0.0000e+00, 0.0000e+00, 0.0000e+00, 0.0000e+00, 0.0000e+00],
        [7.3391e-03, 1.6934e-03, 6.4150e-03, 6.6154e-02, 1.6883e-01, 7.1589e-01,
         3.3683e-02, 0.0000e+00, 0.0000e+00, 0.0000e+00, 0.0000e+00, 0.0000e+00,
         0.0000e+00, 0.0000e+00, 0.0000e+00, 0.0000e+00, 0.0000e+00],
        [9.9454e-03, 9.0107e-04, 4.3710e-03, 1.4237e-02, 2.1110e-01, 7.2874e-01,
         2.9564e-02, 1.1420e-03, 0.0000e+00, 0.0000e+00, 0.0000e+00, 0.0000e+00,
         0.0000e+00, 0.0000e+00, 0.0000e+00, 0.0000e+00, 0.0000e+00],
        [5.8859e-02, 2.3132e-04, 2.7242e-04, 1.3138e-02, 3.8695e-02, 8.6097e-01,
         4.8548e-03, 1.6301e-02, 6.6780e-03, 0.0000e+00, 0.0000e+00, 0.0000e+00,
         0.0000e+00, 0.0000e+00, 0.0000e+00, 0.0000e+00, 0.0000e+00],
        [7.2225e-04, 1.1877e-03, 1.4939e-03, 1.9052e-03, 4.4467e-03, 5.1264e-02,
         1.8103e-01, 2.5498e-02, 3.2965e-02, 6.9949e-01, 0.0000e+00, 0.0000e+00,
         0.0000e+00, 0.0000e+00, 0.0000e+00, 0.0000e+00, 0.0000e+00],
        [9.1113e-05, 3.4891e-05, 4.3255e-05, 4.1531e-04, 3.6881e-04, 1.1292e-02,
         2.8605e-03, 5.4988e-03, 1.1219e-02, 7.3972e-01, 2.2846e-01, 0.0000e+00,
         0.0000e+00, 0.0000e+00, 0.0000e+00, 0.0000e+00, 0.0000e+00],
        [1.0721e-04, 2.4011e-05, 6.9266e-05, 7.4979e-04, 1.4627e-03, 7.2528e-03,
         4.0216e-04, 2.1248e-02, 2.1232e-02, 7.6312e-01, 1.5048e-01, 3.3848e-02,
         0.0000e+00, 0.0000e+00, 0.0000e+00, 0.0000e+00, 0.0000e+00],
        [1.3421e-04, 9.3603e-07, 2.1736e-06, 5.6079e-05, 4.7067e-05, 1.4342e-03,
         8.9703e-06, 4.9788e-05, 4.3334e-04, 9.8924e-01, 7.6258e-03, 8.9975e-04,
         7.1506e-05, 0.0000e+00, 0.0000e+00, 0.0000e+00, 0.0000e+00],
        [1.4856e-04, 3.8419e-06, 1.8396e-06, 5.5945e-05, 2.9599e-04, 5.3481e-03,
         1.0113e-04, 7.4841e-04, 1.1603e-02, 9.5327e-01, 8.8728e-03, 8.4645e-03,
         1.7440e-03, 9.3453e-03, 0.0000e+00, 0.0000e+00, 0.0000e+00],
        [2.3139e-04, 1.1208e-06, 9.4362e-06, 1.0452e-04, 2.1353e-04, 2.8638e-03,
         3.2628e-05, 1.3909e-03, 1.1592e-03, 8.4281e-01, 1.7679e-02, 2.8031e-03,
         1.4997e-03, 1.1335e-01, 1.5857e-02, 0.0000e+00, 0.0000e+00],
        [2.0551e-04, 4.8549e-06, 2.6436e-06, 3.7713e-05, 2.8620e-05, 4.6495e-03,
         2.2314e-04, 5.4855e-04, 1.9423e-03, 7.3624e-01, 1.4276e-02, 1.7841e-02,
         2.0867e-03, 6.5851e-02, 4.8034e-02, 1.0803e-01, 0.0000e+00],
        [1.2311e-06, 1.7211e-06, 1.4683e-06, 4.7616e-06, 7.2322e-06, 2.7968e-05,
         1.1571e-04, 6.0412e-05, 1.0398e-04, 6.8405e-04, 1.0125e-03, 8.3131e-03,
         3.4865e-03, 2.6560e-02, 2.2682e-02, 3.3015e-02, 9.0392e-01]],
       grad_fn=<SelectBackward0>)


Sequence length: 17
Key layer shape: torch.Size([32, 128, 17])
Query layer shape: torch.Size([32, 17, 128])
Key layer shape: torch.Size([32, 128, 17])
Head 1:
tensor([[1.0000e+00, 0.0000e+00, 0.0000e+00, 0.0000e+00, 0.0000e+00, 0.0000e+00,
         0.0000e+00, 0.0000e+00, 0.0000e+00, 0.0000e+00, 0.0000e+00, 0.0000e+00,
         0.0000e+00, 0.0000e+00, 0.0000e+00, 0.0000e+00, 0.0000e+00],
        [5.1273e-01, 4.8727e-01, 0.0000e+00, 0.0000e+00, 0.0000e+00, 0.0000e+00,
         0.0000e+00, 0.0000e+00, 0.0000e+00, 0.0000e+00, 0.0000e+00, 0.0000e+00,
         0.0000e+00, 0.0000e+00, 0.0000e+00, 0.0000e+00, 0.0000e+00],
        [6.6740e-02, 9.1870e-01, 1.4557e-02, 0.0000e+00, 0.0000e+00, 0.0000e+00,
         0.0000e+00, 0.0000e+00, 0.0000e+00, 0.0000e+00, 0.0000e+00, 0.0000e+00,
         0.0000e+00, 0.0000e+00, 0.0000e+00, 0.0000e+00, 0.0000e+00],
        [2.5172e-01, 6.8323e-01, 1.1893e-02, 5.3156e-02, 0.0000e+00, 0.0000e+00,
         0.0000e+00, 0.0000e+00, 0.0000e+00, 0.0000e+00, 0.0000e+00, 0.0000e+00,
         0.0000e+00, 0.0000e+00, 0.0000e+00, 0.0000e+00, 0.0000e+00],
        [1.1723e-03, 1.4966e-03, 5.7818e-03, 9.6104e-01, 3.0509e-02, 0.0000e+00,
         0.0000e+00, 0.0000e+00, 0.0000e+00, 0.0000e+00, 0.0000e+00, 0.0000e+00,
         0.0000e+00, 0.0000e+00, 0.0000e+00, 0.0000e+00, 0.0000e+00],
        [3.5884e-03, 1.1872e-02, 3.3715e-03, 1.0924e-01, 1.7578e-01, 6.9616e-01,
         0.0000e+00, 0.0000e+00, 0.0000e+00, 0.0000e+00, 0.0000e+00, 0.0000e+00,
         0.0000e+00, 0.0000e+00, 0.0000e+00, 0.0000e+00, 0.0000e+00],
        [6.0582e-04, 5.3596e-03, 1.4113e-03, 3.7576e-03, 1.0199e-02, 6.4776e-01,
         3.3091e-01, 0.0000e+00, 0.0000e+00, 0.0000e+00, 0.0000e+00, 0.0000e+00,
         0.0000e+00, 0.0000e+00, 0.0000e+00, 0.0000e+00, 0.0000e+00],
        [9.2355e-04, 3.9889e-03, 2.8515e-03, 3.2274e-03, 7.2528e-03, 3.4373e-01,
         6.1575e-01, 2.2277e-02, 0.0000e+00, 0.0000e+00, 0.0000e+00, 0.0000e+00,
         0.0000e+00, 0.0000e+00, 0.0000e+00, 0.0000e+00, 0.0000e+00],
        [8.6814e-04, 6.8907e-04, 7.9921e-03, 4.8800e-02, 6.2736e-02, 4.8079e-02,
         5.9081e-02, 6.0187e-01, 1.6988e-01, 0.0000e+00, 0.0000e+00, 0.0000e+00,
         0.0000e+00, 0.0000e+00, 0.0000e+00, 0.0000e+00, 0.0000e+00],
        [6.5440e-04, 5.7055e-04, 1.7098e-04, 6.4793e-03, 6.9533e-02, 1.0647e-01,
         3.7968e-02, 6.6971e-02, 4.4577e-01, 2.6542e-01, 0.0000e+00, 0.0000e+00,
         0.0000e+00, 0.0000e+00, 0.0000e+00, 0.0000e+00, 0.0000e+00],
        [1.1454e-05, 1.7610e-04, 2.2781e-05, 7.6837e-05, 2.7392e-04, 1.6998e-02,
         2.6503e-02, 1.3949e-01, 8.5219e-03, 5.7810e-01, 2.2982e-01, 0.0000e+00,
         0.0000e+00, 0.0000e+00, 0.0000e+00, 0.0000e+00, 0.0000e+00],
        [1.1114e-05, 7.0720e-05, 3.0139e-05, 1.1492e-04, 2.0811e-04, 4.2563e-03,
         2.4885e-03, 1.3979e-02, 1.4328e-02, 8.8167e-02, 6.0749e-01, 2.6885e-01,
         0.0000e+00, 0.0000e+00, 0.0000e+00, 0.0000e+00, 0.0000e+00],
        [1.4557e-04, 2.4112e-04, 2.9204e-05, 7.1461e-05, 1.3142e-04, 1.2302e-02,
         8.0028e-03, 3.1899e-02, 6.8502e-03, 1.3434e-01, 1.1488e-01, 5.7010e-01,
         1.2100e-01, 0.0000e+00, 0.0000e+00, 0.0000e+00, 0.0000e+00],
        [5.7689e-07, 8.4121e-06, 1.3044e-05, 3.6465e-05, 4.6137e-05, 2.3669e-04,
         2.7920e-04, 8.5671e-04, 1.4382e-03, 6.4027e-03, 3.8657e-02, 6.6062e-02,
         8.7190e-01, 1.4058e-02, 0.0000e+00, 0.0000e+00, 0.0000e+00],
        [4.3826e-08, 1.9998e-07, 3.6609e-06, 1.8968e-04, 5.5777e-05, 8.1811e-06,
         1.4415e-05, 1.8364e-04, 1.3865e-03, 5.4293e-04, 2.7986e-03, 3.2544e-03,
         7.7227e-02, 8.9809e-01, 1.6245e-02, 0.0000e+00, 0.0000e+00],
        [5.6457e-07, 1.6849e-06, 2.2247e-06, 6.1365e-05, 3.2821e-04, 3.2468e-05,
         4.9210e-05, 1.1549e-04, 9.6163e-03, 6.0438e-04, 1.0903e-03, 4.6570e-03,
         5.2549e-03, 1.3756e-01, 7.8605e-01, 5.4580e-02, 0.0000e+00],
        [2.9945e-07, 9.4277e-07, 4.0730e-07, 3.4181e-06, 7.5831e-06, 4.4959e-05,
         3.5993e-05, 1.0068e-04, 2.7736e-04, 8.4996e-04, 4.6979e-04, 2.2524e-03,
         4.2582e-03, 1.3570e-02, 5.4785e-02, 1.1658e-01, 8.0677e-01]],
       grad_fn=<SelectBackward0>)


Sequence length: 17
Key layer shape: torch.Size([32, 128, 17])
Query layer shape: torch.Size([32, 17, 128])
Key layer shape: torch.Size([32, 128, 17])
Head 1:
tensor([[1.0000e+00, 0.0000e+00, 0.0000e+00, 0.0000e+00, 0.0000e+00, 0.0000e+00,
         0.0000e+00, 0.0000e+00, 0.0000e+00, 0.0000e+00, 0.0000e+00, 0.0000e+00,
         0.0000e+00, 0.0000e+00, 0.0000e+00, 0.0000e+00, 0.0000e+00],
        [9.7239e-01, 2.7611e-02, 0.0000e+00, 0.0000e+00, 0.0000e+00, 0.0000e+00,
         0.0000e+00, 0.0000e+00, 0.0000e+00, 0.0000e+00, 0.0000e+00, 0.0000e+00,
         0.0000e+00, 0.0000e+00, 0.0000e+00, 0.0000e+00, 0.0000e+00],
        [8.7104e-01, 5.8663e-02, 7.0297e-02, 0.0000e+00, 0.0000e+00, 0.0000e+00,
         0.0000e+00, 0.0000e+00, 0.0000e+00, 0.0000e+00, 0.0000e+00, 0.0000e+00,
         0.0000e+00, 0.0000e+00, 0.0000e+00, 0.0000e+00, 0.0000e+00],
        [5.6808e-01, 3.4468e-02, 3.1006e-01, 8.7394e-02, 0.0000e+00, 0.0000e+00,
         0.0000e+00, 0.0000e+00, 0.0000e+00, 0.0000e+00, 0.0000e+00, 0.0000e+00,
         0.0000e+00, 0.0000e+00, 0.0000e+00, 0.0000e+00, 0.0000e+00],
        [9.2770e-01, 8.3315e-03, 1.1883e-02, 1.1297e-02, 4.0787e-02, 0.0000e+00,
         0.0000e+00, 0.0000e+00, 0.0000e+00, 0.0000e+00, 0.0000e+00, 0.0000e+00,
         0.0000e+00, 0.0000e+00, 0.0000e+00, 0.0000e+00, 0.0000e+00],
        [3.0065e-02, 1.6379e-02, 5.5409e-03, 1.0332e-02, 5.3276e-01, 4.0492e-01,
         0.0000e+00, 0.0000e+00, 0.0000e+00, 0.0000e+00, 0.0000e+00, 0.0000e+00,
         0.0000e+00, 0.0000e+00, 0.0000e+00, 0.0000e+00, 0.0000e+00],
        [2.8821e-02, 9.7600e-03, 2.1825e-02, 1.5977e-02, 2.6515e-01, 5.6840e-01,
         9.0069e-02, 0.0000e+00, 0.0000e+00, 0.0000e+00, 0.0000e+00, 0.0000e+00,
         0.0000e+00, 0.0000e+00, 0.0000e+00, 0.0000e+00, 0.0000e+00],
        [1.0152e-02, 3.7605e-03, 3.4423e-03, 1.7113e-03, 9.7906e-02, 6.9243e-01,
         5.4236e-02, 1.3636e-01, 0.0000e+00, 0.0000e+00, 0.0000e+00, 0.0000e+00,
         0.0000e+00, 0.0000e+00, 0.0000e+00, 0.0000e+00, 0.0000e+00],
        [1.0978e-01, 1.1244e-03, 4.7061e-03, 9.5567e-04, 9.8331e-03, 1.8066e-01,
         3.2924e-02, 6.3505e-01, 2.4967e-02, 0.0000e+00, 0.0000e+00, 0.0000e+00,
         0.0000e+00, 0.0000e+00, 0.0000e+00, 0.0000e+00, 0.0000e+00],
        [1.0216e-02, 1.6098e-03, 2.3609e-03, 1.0077e-03, 1.2094e-02, 3.4774e-02,
         7.3506e-02, 1.3350e-01, 4.1033e-02, 6.8990e-01, 0.0000e+00, 0.0000e+00,
         0.0000e+00, 0.0000e+00, 0.0000e+00, 0.0000e+00, 0.0000e+00],
        [1.3460e-04, 3.2837e-05, 9.2288e-05, 7.5116e-05, 2.5564e-05, 7.1255e-03,
         1.0951e-03, 2.9433e-03, 2.1111e-04, 9.8119e-01, 7.0738e-03, 0.0000e+00,
         0.0000e+00, 0.0000e+00, 0.0000e+00, 0.0000e+00, 0.0000e+00],
        [2.1925e-04, 8.6798e-05, 2.4697e-04, 2.1160e-04, 7.9683e-04, 6.5587e-03,
         9.8519e-04, 1.4107e-02, 1.0249e-02, 6.2034e-01, 2.5766e-01, 8.8542e-02,
         0.0000e+00, 0.0000e+00, 0.0000e+00, 0.0000e+00, 0.0000e+00],
        [6.0976e-04, 4.3881e-05, 1.4704e-04, 1.5416e-04, 5.9500e-03, 7.3320e-03,
         8.7121e-04, 4.0014e-03, 2.2887e-03, 8.1179e-01, 8.9604e-02, 6.0027e-02,
         1.7183e-02, 0.0000e+00, 0.0000e+00, 0.0000e+00, 0.0000e+00],
        [4.9525e-04, 6.0843e-05, 3.6332e-04, 1.4116e-04, 3.4685e-04, 1.6303e-03,
         5.0119e-03, 4.1291e-03, 9.8628e-03, 1.7406e-01, 1.2368e-02, 1.4130e-01,
         1.6146e-01, 4.8877e-01, 0.0000e+00, 0.0000e+00, 0.0000e+00],
        [4.5236e-03, 8.3097e-05, 2.3965e-04, 4.9336e-05, 8.4203e-05, 4.5848e-03,
         3.1307e-03, 4.5095e-04, 9.1840e-04, 2.6637e-01, 1.0570e-02, 7.9611e-02,
         1.9677e-02, 5.7701e-02, 5.5201e-01, 0.0000e+00, 0.0000e+00],
        [5.1117e-05, 4.6771e-07, 1.8428e-06, 3.2033e-07, 1.6691e-05, 4.4461e-04,
         5.2861e-05, 7.4479e-05, 1.0421e-04, 1.3825e-02, 1.2052e-04, 2.2120e-03,
         1.7566e-03, 2.1749e-03, 8.9126e-01, 8.7901e-02, 0.0000e+00],
        [5.0748e-06, 1.9919e-06, 2.4204e-06, 2.8185e-06, 2.9772e-05, 3.9806e-05,
         5.0432e-05, 5.7303e-05, 7.3830e-05, 5.0092e-04, 1.4967e-03, 2.9672e-03,
         2.4304e-03, 5.4188e-03, 3.3911e-02, 6.8056e-02, 8.8496e-01]],
       grad_fn=<SelectBackward0>)


Sequence length: 17
Key layer shape: torch.Size([32, 128, 17])
Query layer shape: torch.Size([32, 17, 128])
Key layer shape: torch.Size([32, 128, 17])
Head 1:
tensor([[1.0000e+00, 0.0000e+00, 0.0000e+00, 0.0000e+00, 0.0000e+00, 0.0000e+00,
         0.0000e+00, 0.0000e+00, 0.0000e+00, 0.0000e+00, 0.0000e+00, 0.0000e+00,
         0.0000e+00, 0.0000e+00, 0.0000e+00, 0.0000e+00, 0.0000e+00],
        [9.8610e-01, 1.3902e-02, 0.0000e+00, 0.0000e+00, 0.0000e+00, 0.0000e+00,
         0.0000e+00, 0.0000e+00, 0.0000e+00, 0.0000e+00, 0.0000e+00, 0.0000e+00,
         0.0000e+00, 0.0000e+00, 0.0000e+00, 0.0000e+00, 0.0000e+00],
        [3.9702e-01, 5.7624e-01, 2.6734e-02, 0.0000e+00, 0.0000e+00, 0.0000e+00,
         0.0000e+00, 0.0000e+00, 0.0000e+00, 0.0000e+00, 0.0000e+00, 0.0000e+00,
         0.0000e+00, 0.0000e+00, 0.0000e+00, 0.0000e+00, 0.0000e+00],
        [3.0968e-01, 6.1463e-01, 6.1763e-02, 1.3920e-02, 0.0000e+00, 0.0000e+00,
         0.0000e+00, 0.0000e+00, 0.0000e+00, 0.0000e+00, 0.0000e+00, 0.0000e+00,
         0.0000e+00, 0.0000e+00, 0.0000e+00, 0.0000e+00, 0.0000e+00],
        [5.4600e-01, 2.6415e-01, 1.1880e-02, 1.0862e-01, 6.9346e-02, 0.0000e+00,
         0.0000e+00, 0.0000e+00, 0.0000e+00, 0.0000e+00, 0.0000e+00, 0.0000e+00,
         0.0000e+00, 0.0000e+00, 0.0000e+00, 0.0000e+00, 0.0000e+00],
        [4.5102e-02, 9.7789e-03, 9.0922e-04, 2.1898e-02, 6.5669e-01, 2.6563e-01,
         0.0000e+00, 0.0000e+00, 0.0000e+00, 0.0000e+00, 0.0000e+00, 0.0000e+00,
         0.0000e+00, 0.0000e+00, 0.0000e+00, 0.0000e+00, 0.0000e+00],
        [4.4011e-02, 9.7284e-03, 9.2324e-03, 5.9296e-02, 2.1999e-01, 3.8379e-01,
         2.7395e-01, 0.0000e+00, 0.0000e+00, 0.0000e+00, 0.0000e+00, 0.0000e+00,
         0.0000e+00, 0.0000e+00, 0.0000e+00, 0.0000e+00, 0.0000e+00],
        [3.1659e-03, 4.9546e-03, 2.9961e-03, 3.9339e-03, 1.1523e-01, 5.2713e-01,
         3.0171e-01, 4.0881e-02, 0.0000e+00, 0.0000e+00, 0.0000e+00, 0.0000e+00,
         0.0000e+00, 0.0000e+00, 0.0000e+00, 0.0000e+00, 0.0000e+00],
        [7.0435e-03, 4.1762e-03, 3.6602e-03, 6.2384e-03, 3.5222e-02, 1.4905e-01,
         1.6290e-01, 5.2551e-01, 1.0620e-01, 0.0000e+00, 0.0000e+00, 0.0000e+00,
         0.0000e+00, 0.0000e+00, 0.0000e+00, 0.0000e+00, 0.0000e+00],
        [1.0320e-02, 2.2240e-03, 3.8629e-04, 9.5628e-04, 1.8347e-02, 2.9839e-02,
         3.2564e-02, 3.0580e-02, 4.0314e-01, 4.7165e-01, 0.0000e+00, 0.0000e+00,
         0.0000e+00, 0.0000e+00, 0.0000e+00, 0.0000e+00, 0.0000e+00],
        [9.7380e-04, 9.0864e-04, 5.1924e-04, 1.9972e-03, 1.1441e-03, 2.3502e-02,
         2.8392e-02, 5.7861e-02, 7.6816e-02, 7.8525e-01, 2.2638e-02, 0.0000e+00,
         0.0000e+00, 0.0000e+00, 0.0000e+00, 0.0000e+00, 0.0000e+00],
        [2.0691e-04, 7.8319e-05, 3.0190e-04, 1.3548e-03, 1.7055e-03, 1.4063e-03,
         1.5126e-03, 5.8177e-02, 6.5388e-02, 2.8473e-01, 3.4233e-01, 2.4282e-01,
         0.0000e+00, 0.0000e+00, 0.0000e+00, 0.0000e+00, 0.0000e+00],
        [4.6472e-04, 1.2531e-04, 1.5358e-04, 6.3824e-04, 2.9221e-03, 4.2909e-03,
         9.2140e-03, 2.7846e-02, 1.3571e-01, 1.7876e-01, 1.1404e-01, 4.9963e-01,
         2.6200e-02, 0.0000e+00, 0.0000e+00, 0.0000e+00, 0.0000e+00],
        [1.0482e-04, 1.9420e-04, 1.1545e-04, 4.5615e-04, 1.7808e-03, 5.2496e-03,
         3.9137e-03, 2.0994e-02, 2.8482e-02, 1.2417e-01, 2.5005e-01, 2.7441e-01,
         2.4547e-01, 4.4607e-02, 0.0000e+00, 0.0000e+00, 0.0000e+00],
        [5.2465e-05, 1.3639e-04, 3.0020e-05, 4.4913e-05, 8.7743e-04, 2.6335e-03,
         3.2344e-03, 1.8285e-03, 7.2029e-03, 2.8647e-02, 2.2415e-02, 2.0856e-01,
         2.8367e-01, 3.4158e-01, 9.9080e-02, 0.0000e+00, 0.0000e+00],
        [3.6940e-05, 2.4312e-05, 1.2520e-06, 1.7551e-06, 1.5213e-04, 4.7068e-04,
         6.8693e-04, 1.8160e-04, 5.9229e-03, 1.8676e-02, 2.7274e-03, 2.9374e-02,
         1.1768e-02, 3.6607e-03, 8.1905e-01, 1.0727e-01, 0.0000e+00],
        [5.8076e-07, 5.2898e-07, 3.3965e-07, 9.3840e-07, 2.4789e-06, 1.4871e-05,
         1.7559e-05, 1.6238e-05, 7.5832e-05, 9.7550e-04, 8.9173e-04, 1.6469e-03,
         2.9961e-03, 3.5968e-03, 4.2793e-02, 3.1651e-01, 6.3046e-01]],
       grad_fn=<SelectBackward0>)


Sequence length: 17
Key layer shape: torch.Size([32, 128, 17])
Query layer shape: torch.Size([32, 17, 128])
Key layer shape: torch.Size([32, 128, 17])
Head 1:
tensor([[1.0000e+00, 0.0000e+00, 0.0000e+00, 0.0000e+00, 0.0000e+00, 0.0000e+00,
         0.0000e+00, 0.0000e+00, 0.0000e+00, 0.0000e+00, 0.0000e+00, 0.0000e+00,
         0.0000e+00, 0.0000e+00, 0.0000e+00, 0.0000e+00, 0.0000e+00],
        [9.9764e-01, 2.3601e-03, 0.0000e+00, 0.0000e+00, 0.0000e+00, 0.0000e+00,
         0.0000e+00, 0.0000e+00, 0.0000e+00, 0.0000e+00, 0.0000e+00, 0.0000e+00,
         0.0000e+00, 0.0000e+00, 0.0000e+00, 0.0000e+00, 0.0000e+00],
        [6.4516e-04, 9.9930e-01, 5.4794e-05, 0.0000e+00, 0.0000e+00, 0.0000e+00,
         0.0000e+00, 0.0000e+00, 0.0000e+00, 0.0000e+00, 0.0000e+00, 0.0000e+00,
         0.0000e+00, 0.0000e+00, 0.0000e+00, 0.0000e+00, 0.0000e+00],
        [1.5602e-05, 2.9495e-04, 9.9952e-01, 1.7079e-04, 0.0000e+00, 0.0000e+00,
         0.0000e+00, 0.0000e+00, 0.0000e+00, 0.0000e+00, 0.0000e+00, 0.0000e+00,
         0.0000e+00, 0.0000e+00, 0.0000e+00, 0.0000e+00, 0.0000e+00],
        [1.2277e-06, 6.4838e-05, 1.9282e-05, 9.9954e-01, 3.7092e-04, 0.0000e+00,
         0.0000e+00, 0.0000e+00, 0.0000e+00, 0.0000e+00, 0.0000e+00, 0.0000e+00,
         0.0000e+00, 0.0000e+00, 0.0000e+00, 0.0000e+00, 0.0000e+00],
        [1.3413e-04, 3.8253e-05, 7.4271e-09, 1.1615e-06, 9.9610e-01, 3.7286e-03,
         0.0000e+00, 0.0000e+00, 0.0000e+00, 0.0000e+00, 0.0000e+00, 0.0000e+00,
         0.0000e+00, 0.0000e+00, 0.0000e+00, 0.0000e+00, 0.0000e+00],
        [4.5555e-06, 9.6755e-06, 1.5669e-07, 6.3969e-06, 9.7191e-05, 9.9504e-01,
         4.8449e-03, 0.0000e+00, 0.0000e+00, 0.0000e+00, 0.0000e+00, 0.0000e+00,
         0.0000e+00, 0.0000e+00, 0.0000e+00, 0.0000e+00, 0.0000e+00],
        [6.4718e-07, 2.4491e-04, 1.1830e-07, 1.7955e-06, 2.4299e-06, 5.1610e-01,
         4.8363e-01, 1.3983e-05, 0.0000e+00, 0.0000e+00, 0.0000e+00, 0.0000e+00,
         0.0000e+00, 0.0000e+00, 0.0000e+00, 0.0000e+00, 0.0000e+00],
        [9.9517e-10, 3.4143e-07, 1.1535e-08, 7.7992e-06, 9.8549e-05, 4.6683e-06,
